vertex & (adjacent vertices,weight)
0 1 1 8 1 
1 0 1 2 1 
2 1 1 2 8 3 1 
3 2 1 4 1 
4 3 1 5 1 23 1 
5 4 1 6 1 
6 5 1 7 1 
7 6 1 39 1 
8 0 1 9 1 
9 8 1 10 1 
10 9 1 11 1 
11 10 1 12 1 
12 11 1 13 1 33 1 
13 12 1 14 1 
14 13 1 15 1 
15 14 1 16 1 
16 15 1 17 1 
17 16 1 18 1 
18 17 1 19 1 
19 18 1 20 1 
20 19 1 21 1 
21 20 1 22 1 
22 21 1 32 1 49 1 
23 4 1 24 1 
24 23 1 25 1 
25 24 1 26 1 
26 25 1 27 1 
27 26 1 28 1 35 1 36 1 
28 27 1 29 1 
29 28 1 30 1 
30 29 1 31 1 43 1 
31 30 1 32 1 
32 22 1 31 1 
33 12 1 34 1 
34 33 1 35 1 
35 27 1 34 1 
36 27 1 37 1 
37 36 1 38 1 
38 37 1 42 1 100 1 
39 7 1 40 1 
40 39 1 41 1 
41 40 1 42 1 
42 38 1 41 1 
43 30 1 44 1 
44 43 1 45 1 
45 44 1 46 1 
46 45 1 47 1 
47 46 1 48 1 
48 47 1 258 1 
49 22 1 50 1 
50 49 1 51 1 
51 50 1 52 1 74 1 
52 51 1 53 1 
53 52 1 54 1 
54 53 1 55 1 
55 54 1 56 1 
56 55 1 57 1 
57 56 1 58 1 
58 57 1 59 1 
59 58 1 60 1 
60 59 1 61 1 
61 60 1 62 1 84 1 
62 61 1 63 1 
63 62 1 64 1 
64 63 1 65 1 
65 64 1 66 1 
66 65 1 67 1 
67 66 1 68 1 
68 67 1 68 8 69 1 
69 68 1 70 1 
70 69 1 71 1 83 1 
71 70 1 72 1 
72 71 1 73 1 
73 72 1 89 1 
74 51 1 75 1 
75 74 1 76 1 
76 75 1 77 1 94 1 
77 76 1 78 1 
78 77 1 79 1 
79 78 1 80 1 86 1 87 1 
80 79 1 81 1 
81 80 1 82 1 
82 81 1 83 1 
83 70 1 82 1 
84 61 1 85 1 
85 84 1 86 1 
86 79 1 85 1 
87 79 1 88 1 
88 87 1 90 1 
89 73 1 93 1 
90 88 1 91 1 118 1 
91 90 1 92 1 
92 91 1 93 1 
93 89 1 92 1 
94 76 1 95 1 
95 94 1 96 1 
96 95 1 97 1 
97 96 1 98 1 
98 97 1 99 1 
99 98 1 261 1 
100 38 1 101 1 
101 100 1 102 1 
102 101 1 103 1 
103 102 1 104 1 
104 103 1 105 1 
105 104 1 106 1 244 1 273 1 
106 105 1 107 1 
107 106 1 108 1 
108 107 1 109 1 
109 108 1 110 1 
110 109 1 111 1 
111 110 1 112 1 187 1 209 1 
112 111 1 113 1 
113 112 1 114 1 
114 113 1 115 1 200 1 
115 114 1 116 1 
116 115 1 117 1 
117 116 1 136 1 
118 90 1 119 1 
119 118 1 120 1 
120 119 1 121 1 
121 120 1 122 1 
122 121 1 123 1 
123 122 1 124 1 250 1 279 1 
124 123 1 125 1 
125 124 1 126 1 
126 125 1 127 1 
127 126 1 128 1 
128 127 1 129 1 
129 128 1 130 1 199 1 227 1 
130 129 1 131 1 
131 130 1 132 1 
132 131 1 133 1 214 1 
133 132 1 134 1 
134 133 1 135 1 
135 134 1 141 1 
136 117 1 137 1 
137 136 1 138 1 
138 137 1 139 1 176 1 
139 138 1 140 1 
140 139 1 146 1 
141 135 1 142 1 
142 141 1 143 1 
143 142 1 144 1 188 1 
144 143 1 145 1 
145 144 1 149 1 
146 140 1 147 1 
147 146 1 148 1 
148 147 1 152 1 
149 145 1 150 1 
150 149 1 151 1 
151 150 1 175 1 
152 148 1 153 1 
153 152 1 154 1 
154 153 1 155 1 
155 154 1 156 1 
156 155 1 157 1 
157 156 1 158 1 
158 157 1 159 1 
159 158 1 160 1 
160 159 1 161 1 
161 160 1 162 1 
162 161 1 163 1 235 1 
163 162 1 164 1 
164 163 1 165 1 
165 164 1 166 1 243 1 
166 165 1 167 1 
167 166 1 168 1 
168 167 1 169 1 
169 168 1 170 1 
170 169 1 171 1 
171 170 1 172 1 
172 171 1 173 1 
173 172 1 174 1 
174 173 1 175 1 
175 151 1 174 1 
176 138 1 177 1 
177 176 1 178 1 
178 177 1 179 1 
179 178 1 180 1 
180 179 1 180 8 181 1 
181 180 1 182 1 
182 181 1 183 1 
183 182 1 184 1 
184 183 1 185 1 
185 184 1 186 1 
186 185 1 187 1 
187 111 1 186 1 
188 143 1 189 1 
189 188 1 190 1 
190 189 1 191 1 
191 190 1 192 1 
192 191 1 192 8 193 1 
193 192 1 194 1 
194 193 1 195 1 
195 194 1 196 1 
196 195 1 197 1 
197 196 1 198 1 
198 197 1 199 1 
199 129 1 198 1 
200 114 1 201 1 
201 200 1 202 1 
202 201 1 203 1 236 1 
203 202 1 204 1 
204 203 1 205 1 
205 204 1 206 1 256 1 
206 205 1 207 1 
207 206 1 208 1 
208 207 1 213 1 
209 111 1 210 1 
210 209 1 211 1 
211 210 1 212 1 286 1 
212 211 1 213 1 
213 208 1 212 1 
214 132 1 215 1 
215 214 1 216 1 
216 215 1 217 1 228 1 
217 216 1 218 1 
218 217 1 219 1 
219 218 1 220 1 257 1 
220 219 1 221 1 
221 220 1 222 1 
222 221 1 223 1 
223 222 1 224 1 
224 223 1 225 1 
225 224 1 226 1 291 1 
226 225 1 227 1 
227 129 1 226 1 
228 216 1 237 1 
229 230 1 236 1 
230 229 1 231 1 
231 230 1 232 1 
232 231 1 233 1 
233 232 1 234 1 
234 233 1 235 1 
235 162 1 234 1 
236 202 1 229 1 
237 228 1 238 1 
238 237 1 239 1 
239 238 1 240 1 
240 239 1 241 1 
241 240 1 242 1 
242 241 1 243 1 
243 165 1 242 1 
244 105 1 244 3 245 1 
245 244 1 245 3 246 1 
246 245 1 246 3 247 1 
247 246 1 247 3 248 1 
248 247 1 248 3 249 1 
249 248 1 249 3 255 1 
250 123 1 250 3 251 1 
251 250 1 251 3 252 1 
252 251 1 252 3 253 1 
253 252 1 253 3 254 1 
254 253 1 254 3 255 1 
255 249 1 254 1 255 3 
256 205 1 256 3 257 1 
257 219 1 256 1 257 3 
258 48 1 258 3 259 1 
259 258 1 259 3 260 1 
260 259 1 260 3 267 1 280 1 
261 99 1 261 3 262 1 
262 261 1 262 3 263 1 
263 262 1 263 3 264 1 281 1 
264 263 1 264 3 265 1 
265 264 1 265 3 266 1 
266 265 1 266 3 275 1 
267 260 1 267 3 268 1 
268 267 1 268 3 269 1 
269 268 1 269 3 270 1 
270 269 1 270 3 271 1 
271 270 1 271 3 272 1 
272 271 1 272 3 274 1 282 1 
273 105 1 273 3 274 1 
274 272 1 273 1 274 3 
275 266 1 275 3 276 1 
276 275 1 276 3 277 1 
277 276 1 277 3 278 1 287 1 
278 277 1 278 3 279 1 
279 123 1 278 1 279 3 
280 260 1 280 3 281 1 
281 263 1 280 1 281 3 
282 272 1 282 3 283 1 
283 282 1 283 3 284 1 
284 283 1 284 3 285 1 292 1 
285 284 1 285 3 286 1 
286 211 1 285 1 286 3 
287 277 1 287 3 288 1 
288 287 1 288 3 289 1 
289 288 1 289 3 290 1 299 1 
290 289 1 290 3 291 1 
291 225 1 290 1 291 3 
292 284 1 292 3 293 1 
293 292 1 293 3 294 1 
294 293 1 294 3 295 1 
295 294 1 295 3 296 1 
296 295 1 296 3 297 1 
297 296 1 297 3 298 1 
298 297 1 298 3 299 1 
299 289 1 298 1 299 3 
